No    Ref    V       B-V     U-B

 0001   548  18.343   1.443         
 0002   548  20.030   2.103         
 0003   548  16.224   1.311         
 0004   548  18.103   2.732         
 0005   548  21.912   1.918         
 0006   548  18.956   1.823         
 0007   548  19.861   1.876         
 0008   548  21.236   2.021         
 0009   548  21.425   1.823         
 0010   548  18.369   1.584         
 0011   548  19.171   1.711         
 0012   548  20.538   1.757         
 0013   548  19.911   1.953         
 0014   548  20.728   2.898         
 0015   548  21.006   1.858         
 0016   548  18.835   1.790         
 0017   548  18.786   1.940         
 0018   548  20.098   1.608         
 0019   548  18.482   1.584         
 0020   548  20.817   2.552         
 0021   548  19.337   1.900         
 0022   548  15.223   0.832         
 0023   548  20.534   2.344         
 0024   548  22.180   1.300         
 0025   548  19.977   2.151         
 0026   548  20.909   2.261         
 0027   548  20.300   2.200         
 0028   548  20.151   2.116         
 0029   548  20.253   2.198         
 0030   548  19.134   1.823         
 0031   548  21.558   2.140         
 0032   548  19.707   2.109         
 0033   548  17.224   2.533         
 0034   548  20.539   2.713         
 0035   548  19.985   2.011         
 0036   548  19.699   2.060         
 0037   548  20.934   2.611         
 0038   548  20.161   2.609         
 0039   548  20.075   2.028         
 0040   548  21.122   2.225         
 0041   548  20.766   2.263         
 0042   548  19.172   3.143         
 0043   548  20.351   2.270         
 0044   548  20.222   1.598         
 0045   548  19.048   1.823         
 0046   548  19.220   1.659         
 0047   548  21.375   2.791         
 0048   548  18.923   1.954         
 0049   548  16.875   1.361         
 0050   548  19.672   1.763         
 0051   548  21.151   2.247         
 0052   548  21.570   2.076         
 0053   548  19.728   1.732         
 0054   548  19.094   1.751         
 0055   548  19.881   2.002         
 0056   548  16.296   1.086         
 0057   548  18.052   1.393         
 0058   548  20.210   1.595         
 0059   548  20.409   2.382         
 0060   548  18.309   1.220         
 0061   548  20.694   2.201         
 0062   548  19.130   2.074         
 0063   548  19.946   2.038         
 0064   548  18.122   1.470         
 0065   548  21.755   2.685         
 0066   548  19.343   2.936         
 0067   548  17.971   2.988         
 0068   548  20.372   1.583         
 0069   548  16.252   1.354         
 0070   548  20.637   2.366         
 0071   548  19.450   1.952         
 0072   548  17.265   1.581         
 0073   548  18.781   1.718         
 0074   548  19.633   2.121         
 0075   548  17.736   1.598         
 0076   548  17.063   1.321         
 0077   548  18.098   2.975         
 0078   548  16.924   1.539         
 0079   548  19.740   1.961         
 0080   548  18.988   1.901         
 0081   548  17.455   1.513         
 0082   548  20.547   2.064         
 0083   548  21.395   2.448         
 0084   548  18.476   1.506         
 0085   548  19.586   2.181         
 0086   548  21.403   1.855         
 0087   548  17.240   1.576         
 0088   548  20.153   2.144         
 0089   548  20.221   1.847         
 0090   548  17.949   2.692         
 0091   548  20.600   2.078         
 0092   548  18.107   3.064         
 0093   548  18.060   2.456         
 0094   548  21.012   1.821         
 0095   548  19.921   1.860         
 0096   548  22.002   2.548         
 0097   548  20.405   2.203         
 0098   548  19.485   2.031         
 0099   548  19.628   1.909         
 0100   548  19.845   1.778         
 0101   548  19.627   1.827         
 0102   548  18.156   2.774         
 0103   548  21.909   2.012         
 0104   548  20.614   1.744         
 0105   548  21.205   1.803         
 0106   548  16.598   0.994         
 0107   548  19.511   1.981         
 0108   548  19.208   1.904         
 0109   548  20.245   2.135         
 0110   548  19.566   1.649         
 0111   548  18.895   1.757         
 0112   548  16.679   1.105         
 0113   548  19.247   3.043         
 0114   548  20.769   2.202         
 0115   548  19.253   2.032         
 0116   548  18.966   1.815         
 0117   548  21.054   2.364         
 0118   548  18.883   1.857         
 0119   548  20.973   1.863         
 0120   548  19.025   1.622         
 0121   548  18.505   1.773         
 0122   548  17.862   2.663         
 0123   548  17.482   2.931         
 0124   548  19.718   1.952         
 0125   548  19.576   1.774         
 0126   548  21.319   2.175         
 0127   548  17.258   1.415         
 0128   548  21.821   1.921         
 0129   548  19.022   1.834         
 0130   548  20.914   2.097         
 0131   548  18.699   1.739         
 0132   548  20.911   2.301         
 0133   548  19.211   1.790         
 0134   548  19.928   2.053         
 0135   548  20.047   3.495         
 0136   548  19.464   1.684         
 0137   548  20.834   1.825         
 0138   548  18.867   1.989         
 0139   548  21.150   1.615         
 0140   548  17.804   3.038         
 0141   548  20.671   2.112         
 0142   548  20.447   1.597         
 0143   548  18.923   2.381         
 0144   548  20.559   2.494         
 0145   548  20.110   1.853         
 0146   548  20.666   1.950         
 0147   548  16.930   1.258         
 0148   548  21.768   2.146         
 0149   548  21.493   2.030         
 0150   548  22.136   2.389         
 0151   548  19.398   2.534         
 0152   548  19.189   1.599         
 0153   548  21.130   1.879         
 0154   548  16.192   0.984         
 0155   548  20.653   1.854         
 0156   548  16.306   1.333         
 0157   548  20.427   2.064         
 0158   548  20.197   1.842         
 0159   548  19.716   1.951         
 0160   548  21.553   2.038         
 0161   548  20.143   1.936         
 0162   548  22.682   0.902         
 0163   548  20.922   2.000         
 0164   548  21.001   1.843         
 0165   548  20.150   1.942         
 0166   548  21.702   2.530         
 0167   548  20.029   2.419         
 0168   548  18.682   1.974         
 0169   548  19.094   1.800         
 0170   548  16.319   2.564         
 0171   548  20.903   1.618         
 0172   548  20.840   2.051         
 0173   548  18.823   2.652         
 0174   548  20.525   1.963         
 0175   548  23.240   1.424         
 0176   548  20.476   1.799         
 0177   548  19.891   1.690         
 0178   548  16.960   2.505         
 0179   548  18.376   1.401         
 0180   548  21.091   1.521         
 0181   548  19.105   2.574         
 0182   548  21.530   2.228         
 0183   548  17.570   1.739         
 0184   548  19.483   1.648         
 0185   548  16.009   1.098         
 0186   548  21.459   2.112         
 0187   548  19.418   2.713         
 0188   548  20.266   1.896         
 0189   548  20.491   2.372         
 0190   548  19.662   1.843         
 0191   548  21.597   1.906         
 0192   548  20.344   2.240         
 0193   548  19.564   1.713         
 0194   548  18.967   2.523         
 0195   548  18.311   2.098         
 0196   548  19.112   1.646         
 0197   548  21.387   2.203         
 0198   548  20.249   2.805         
 0199   548  19.934   2.137         
 0200   548  19.316   1.888         
 0201   548  16.140   1.294         
 0202   548  19.200   2.559         
 0203   548  17.656   2.681         
 0204   548  20.033   1.832         
 0205   548  19.151   3.606         
 0206   548  18.262   1.930         
 0207   548  17.177   1.206         
 0208   548  18.868   1.762         
 0209   548  19.952   2.186         
 0210   548  21.592   2.179         
 0211   548  21.080   1.982         
 0212   548  17.479   1.471         
 0213   548  19.108   1.409         
 0214   548  21.531   1.904         
 0215   548  19.450   3.380         
 0216   548  21.245   2.114         
 0217   548  19.407   2.286         
 0218   548  19.705   2.148         
 0219   548  20.134   2.672         
 0220   548  20.798   1.769         
 0221   548  20.887   2.227         
 0222   548  20.081   1.965         
 0223   548  20.249   2.226         
 0224   548  20.849   1.970         
 0225   548  20.332   1.925         
 0226   548  18.960   1.630         
 0227   548  21.796   2.321         
 0228   548  18.974   2.139         
 0229   548  17.728   2.459         
 0230   548  18.483   1.836         
 0231   548  21.497   1.884         
 0232   548  20.050   2.158         
 0233   548  18.728   1.605         
 0234   548  18.061   1.423         
 0235   548  18.372   1.730         
 0236   548  21.632   2.084         
 0237   548  21.189   2.543         
 0238   548  18.703   1.544         
 0239   548  21.151   1.827         
 0240   548  20.774   1.926         
 0241   548  19.845   1.812         
 0242   548  20.733   1.829         
 0243   548  21.011   2.174         
 0244   548  19.844   1.605         
 0245   548  19.576   2.195         
 0246   548  17.315   1.199         
 0247   548  18.977   2.039         
 0248   548  22.007   1.728         
 0249   548  20.941   1.982         
 0250   548  18.657   1.927         
 0251   548  18.733   2.069         
 0252   548  19.798   1.926         
 0253   548  20.948   1.911         
 0254   548  20.270   1.672         
 0255   548  20.539   1.792         
 0256   548  19.081   2.688         
 0257   548  20.363   2.211         
 0258   548  19.655   1.812         
 0259   548  18.669   1.532         
 0260   548  20.466   2.209         
 0261   548  18.895   2.586         
 0262   548  18.693   2.055         
 0263   548  18.788   1.767         
 0264   548  20.998   2.060         
 0265   548  20.463   2.123         
 0266   548  21.378   1.676         
 0267   548  21.972   1.834         
 0268   548  20.325   2.220         
 0269   548  19.787   1.703         
 0270   548  20.681   1.734         
 0271   548  15.933   2.349         
 0272   548  19.759   3.268         
 0273   548  19.695   1.928         
 0274   548  19.168   2.979         
 0275   548  21.273   1.620         
 0276   548  20.874   1.916         
 0277   548  16.712   1.107         
 0278   548  18.965   1.674         
 0279   548  21.167   2.079         
 0280   548  21.258   2.015         
 0281   548  20.516   1.965         
 0282   548  20.095   1.613         
 0283   548  18.519   3.694         
 0284   548  21.236   2.046         
 0285   548  19.563   1.805         
 0286   548  21.335   1.960         
 0287   548  20.353   1.969         
 0288   548  21.457   1.520         
 0289   548  20.320   2.386         
 0290   548  20.413   1.955         
 0291   548  18.809   1.717         
 0292   548  18.946   2.335         
 0293   548  20.151   3.116         
 0294   548  15.556   0.903         
 0295   548  19.509   1.982         
 0296   548  17.182   2.106         
 0297   548  20.593   1.608         
 0298   548  18.061   1.577         
 0299   548  17.707   1.644         
 0300   548  20.977   2.049         
 0301   548  17.690   2.602         
 0302   548  20.430   2.122         
 0303   548  17.910   1.315         
 0304   548  20.512   2.057         
 0305   548  18.496   1.574         
 0306   548  19.756   2.279         
 0307   548  22.223   1.412         
 0308   548  21.267   2.021         
 0309   548  17.176   1.151         
 0310   548  21.333   2.066         
 0311   548  18.043   2.928         
 0312   548  20.021   1.549         
 0313   548  19.317   2.334         
 0314   548  21.000   2.029         
 0315   548  22.266   1.878         
 0316   548  20.488   1.849         
 0317   548  22.316   2.785         
 0318   548  19.994   1.910         
 0319   548  19.604   1.850         
 0320   548  21.502   1.621         
 0321   548  20.987   1.970         
 0322   548  20.255   1.808         
 0323   548  20.600   2.293         
 0324   548  19.447   3.111         
 0325   548  19.507   1.648         
 0326   548  19.783   1.675         
 0327   548  19.078   2.099         
 0328   548  20.028   1.829         
 0329   548  20.497   1.621         
 0330   548  21.429   2.056         
 0331   548  20.692   2.320         
 0332   548  20.887   2.168         
 0333   548  21.734   2.017         
 0334   548  17.695   1.926         
 0335   548  17.640   2.687         
 0336   548  20.293   1.742         
 0337   548  19.956   1.489         
 0338   548  21.632   2.304         
 0339   548  21.256   2.665         
 0340   548  20.855   2.422         
 0341   548  20.713   2.201         
 0342   548  19.933   2.059         
 0343   548  19.860   1.791         
 0344   548  21.603   2.716         
 0345   548  16.049   1.155         
 0346   548  22.069   1.678         
 0347   548  20.116   1.883         
 0348   548  18.385   1.739         
 0349   548  19.356   1.508         
 0350   548  20.697   3.120         
 0351   548  17.723   1.558         
 0352   548  19.915   1.867         
 0353   548  21.881   2.987         
 0354   548  18.812   1.711         
 0355   548  19.090   1.803         
 0356   548  19.436   1.835         
 0357   548  22.001   1.772         
 0358   548  19.221   2.170         
 0359   548  18.285   1.490         
 0360   548  20.900   1.734         
 0361   548  21.167   1.835         
 0362   548  16.615   1.305         
 0363   548  20.126   1.833         
 0364   548  18.618   3.059         
 0365   548  21.154   2.422         
 0366   548  18.356   1.708         
 0367   548  22.048   1.875         
 0368   548  19.185   1.765         
 0369   548  20.636   2.203         
 0370   548  19.571   2.566         
 0371   548  22.291   1.375         
 0372   548  19.360   1.951         
 0373   548  18.011   1.881         
 0374   548  19.929   1.829         
 0375   548  21.739   1.667         
 0376   548  19.087   1.845         
 0377   548  21.228   1.927         
 0378   548  20.061   1.598         
 0379   548  19.129   1.821         
 0380   548  19.472   1.828         
 0381   548  18.239   1.322         
 0382   548  16.936   1.157         
 0383   548  18.426   1.332         
 0384   548  20.771   1.934         
 0385   548  17.983   1.414         
 0386   548  19.720   1.626         
 0387   548  21.795   2.735         
 0388   548  20.060   2.209         
 0389   548  20.922   1.885         
 0390   548  19.458   2.006         
 0391   548  20.761   1.847         
 0392   548  19.133   2.667         
 0393   548  20.037   3.073         
 0394   548  17.005   1.086         
 0395   548  18.072   1.924         
 0396   548  20.056   2.024         
 0397   548  18.361   2.204         
 0398   548  19.259   1.761         
 0399   548  20.799   1.904         
 0400   548  18.707   3.026         
 0401   548  21.517   2.289         
 0402   548  18.156   1.664         
 0403   548  19.762   1.844         
 0404   548  18.553   3.473         
 0405   548  20.025   1.999         
 0406   548  20.702   2.123         
 0407   548  20.388   1.845         
 0408   548  17.256   1.216         
 0409   548  17.778   1.941         
 0410   548  20.473   1.948         
 0411   548  17.853   1.258         
 0412   548  22.346   1.430         
 0413   548  19.986   1.818         
 0414   548  19.583   1.964         
 0415   548  19.586   2.086         
 0416   548  16.569   1.018         
 0417   548  20.119   1.866         
 0418   548  22.035   2.747         
 0419   548  18.041   1.580         
 0420   548  20.124   1.859         
 0421   548  19.273   2.092         
 0422   548  18.665   1.989         
 0423   548  20.754   1.825         
 0424   548  17.795   1.711         
 0425   548  19.046   2.794         
 0426   548  18.799   1.399         
 0427   548  21.016   2.095         
 0428   548  19.203   2.556         
 0429   548  20.442   2.693         
 0430   548  16.797   1.178         
 0431   548  21.273   2.122         
 0432   548  20.587   2.546         
 0433   548  19.540   1.625         
 0434   548  20.995   2.348         
 0435   548  20.542   2.518         
 0436   548  20.974   1.545         
 0437   548  20.009   3.272         
 0438   548  21.921   1.867         
 0439   548  22.424   2.270         
 0440   548  22.449   1.928         
 0441   548  18.805   3.027         
 0442   548  18.063   2.794         
 0443   548  17.428   2.122         
 0444   548  19.271   2.074         
 0445   548  16.187   1.015         
 0446   548  20.039   2.011         
 0447   548  15.769   0.915         
 0448   548  17.261   3.444         
 0449   548  19.699   2.101         
 0450   548  20.058   1.682         
 0451   548  19.733   1.681         
 0452   548  20.069   2.179         
 0453   548  19.259   1.986         
 0454   548  16.224   1.446         
 0455   548  20.674   1.928         
 0456   548  17.287   1.278         
 0457   548  18.776   2.803         
 0458   548  20.831   2.559         
 0459   548  22.070   1.957         
 0460   548  17.333   2.306         
 0461   548  21.059   2.345         
 0462   548  20.297   1.836         
 0463   548  20.880   2.409         
 0464   548  20.234   1.971         
 0465   548  15.304   3.429         
 0466   548  20.121   2.883         
 0467   548  15.652   1.396         
 0468   548  18.800   2.850         
 0469   548  19.592   1.880         
 0470   548  19.852   1.975         
 0471   548  19.074   2.081         
 0472   548  21.572   1.918         
 0473   548  19.425   2.991         
 0474   548  20.263   2.668         
 0475   548  20.210   1.700         
 0476   548  19.950   2.915         
 0477   548  19.815   1.938         
 0478   548  18.304   1.589         
 0479   548  15.123   2.151         
 0480   548  21.953  -0.028         
 0481   548  16.612   1.533         
 0482   548  18.843   2.938         
 0483   548  21.816   1.585         
 0484   548  19.813   2.268         
 0485   548  22.102   1.644         
 0486   548  21.333   2.392         
 0487   548  17.795   2.846         
 0488   548  22.047   1.292         
 0489   548  20.183   2.062         
 0490   548  18.987   1.596         
 0491   548  20.764   1.921         
 0492   548  20.027   2.413         
 0493   548  19.181   2.132         
 0494   548  19.505   2.150         
 0495   548  16.681   1.093         
 0496   548  21.585   2.202         
 0497   548  19.379   2.153         
 0498   548  19.127   1.902         
 0499   548  20.616   2.063         
 0500   548  22.102   3.026         
 0501   548  20.769   2.165         
 0502   548  20.229   1.802         
 0503   548  19.376   2.115         
 0504   548  19.935   1.730         
 0505   548  19.347   1.989         
 0506   548  19.096   1.876         
 0507   548  21.921   1.943         
 0508   548  19.712   2.328         
 0509   548  18.985   1.765         
 0510   548  21.635   2.379         
 0511   548  18.736   1.744         
 0512   548  21.914   1.675         
 0513   548  20.194   2.038         
 0514   548  19.843   1.845         
 0515   548  19.640   2.386         
 0516   548  21.968   2.748         
 0517   548  18.915   2.431         
 0518   548  19.092   1.630         
 0519   548  18.669   1.977         
 0520   548  21.325   2.163         
 0521   548  15.804   1.345         
 0522   548  16.361   2.638         
 0523   548  21.514   2.383         
 0524   548  21.917   2.578         
 0525   548  20.864   2.376         
 0526   548  20.058   2.568         
 0527   548  18.569   3.460         
 0528   548  19.295   3.197         
 0529   548  18.419   1.344         
 0530   548  20.589   2.682         
 0531   548  15.551   0.762         
 0532   548  21.522  -0.002         
 0533   548  20.166   2.858         
 0534   548  22.524   1.465         
 0535   548  20.473   2.275         
 0536   548  17.747   1.415         
 0537   548  20.357   2.263         
 0538   548  20.755   2.068         
 0539   548  20.697   2.004         
 0540   548  20.729   1.979         
 0541   548  18.422   1.848         
 0542   548  20.494   2.151         
 0543   548  20.318   2.284         
 0544   548  20.633   2.396         
 0545   548  20.531   3.342         
 0546   548  18.313   1.468         
 0547   548  19.274   1.966         
 0548   548  20.006   2.105         
 0549   548  16.491   1.396         
 0550   548  14.306   1.052         
 0551   548  20.611   2.215         
 0552   548  18.661   1.853         
 0553   548  21.736   2.390         
 0554   548  20.598   1.796         
 0555   548  21.615   2.035         
 0556   548  18.505   1.910         
 0557   548  21.419   2.013         
 0558   548  19.772   1.582         
 0559   548  14.889   0.762         
 0560   548  19.555   2.220         
 0561   548  20.331   1.454         
 0562   548  20.032   1.871         
 0563   548  20.626   2.078         
 0564   548  20.313   1.680         
 0565   548  18.677   2.860         
 0566   548  19.574   2.181         
 0567   548  19.861   2.232         
 0568   548  22.218   1.596         
 0569   548  18.771   2.027         
 0570   548  19.341   1.965         
 0571   548  20.210   2.431         
 0572   548  19.368   1.914         
 0573   548  19.918   2.117         
 0574   548  19.537   1.702         
 0575   548  19.465   1.639         
 0576   548  19.815   2.076         
 0577   548  20.775   2.225         
 0578   548  20.136   2.096         
 0579   548  19.370   2.650         
 0580   548  20.620   2.176         
 0581   548  17.906   1.672         
 0582   548  19.998   2.022         
 0583   548  19.837   1.816         
 0584   548  19.828   1.866         
 0585   548  16.437   0.881         
 0586   548  18.783   2.535         
 0587   548  21.480   1.848         
 0588   548  19.934   2.007         
 0589   548  19.181   1.725         
 0590   548  17.071   1.351         
 0591   548  19.604   1.766         
 0592   548  16.265   1.723         
 0593   548  19.875   2.101         
 0594   548  20.674   2.121         
 0595   548  20.058   1.912         
 0596   548  18.165   1.645         
 0597   548  17.623   1.433         
 0598   548  20.020   1.893         
 0599   548  22.091   1.769         
 0600   548  20.141   1.900         
 0601   548  17.492   1.566         
 0602   548  19.583   1.870         
 0603   548  20.804   2.257         
 0604   548  19.220   2.740         
 0605   548  21.746   2.321         
 0606   548  20.567   1.767         
 0607   548  18.538   1.744         
 0608   548  18.153   1.875         
 0609   548  19.775   2.643         
 0610   548  16.600   2.268         
 0611   548  19.659   1.964         
 0612   548  16.006   1.125         
 0613   548  16.065   1.171         
 0614   548  19.232   1.565         
 0615   548  17.051   1.365         
 0616   548  19.684   1.722         
 0617   548  14.447   0.954         
 0618   548  21.484   2.039         
 0619   548  20.054   2.261         
 0620   548  19.938   2.225         
 0621   548  21.399   2.282         
 0622   548  21.381   2.281         
 0623   548  20.679   2.247         
 0624   548  20.373   2.173         
 0625   548  19.521   1.910         
 0626   548  19.506   1.874         
 0627   548  19.372   1.712         
 0628   548  19.152   1.539         
 0629   548  17.801   1.516         
 0630   548  18.873   1.863         
 0631   548  21.584   2.015         
 0632   548  21.936   1.621         
 0633   548  20.800   2.306         
 0634   548  19.442   1.963         
 0635   548  19.099   1.927         
 0636   548  20.576   1.955         
 0637   548  17.600   1.507         
 0638   548  20.380   2.023         
 0639   548  16.861   1.297         
 0640   548  19.238   1.734         
 0641   548  20.736   2.443         
 0642   548  19.451   2.626         
 0643   548  20.744   3.175         
 0644   548  19.080   2.471         
 0645   548  19.221   1.756         
 0646   548  20.154   2.012         
 0647   548  19.517   1.882         
 0648   548  20.769   2.333         
 0649   548  20.241   1.678         
 0650   548  20.446   1.975         
 0651   548  17.749   1.434         
 0652   548  19.918   1.796         
 0653   548  20.018   2.311         
 0654   548  20.448   2.205         
 0655   548  18.323   1.605         
 0656   548  20.683   1.997         
 0657   548  20.240   2.106         
 0658   548  18.946   3.183         
 0659   548  16.337   1.559         
 0660   548  17.925   1.483         
 0661   548  16.256   1.049         
 0662   548  21.236   2.386         
 0663   548  20.768   2.852         
 0664   548  18.692   1.678         
 0665   548  21.631   2.222         
 0666   548  16.498   1.301         
 0667   548  20.928   1.989         
 0668   548  19.215   1.889         
 0669   548  14.644   2.092         
 0670   548  16.295   1.169         
 0671   548  17.839   3.325         
 0672   548  19.500   1.673         
 0673   548  18.942   2.610         
 0674   548  19.477   1.841         
 0675   548  22.379   1.656         
 0676   548  21.108   2.148         
 0677   548  18.935   1.864         
 0678   548  18.887   1.706         
 0679   548  21.146   2.068         
 0680   548  21.033   2.266         
 0681   548  21.188   1.989         
 0682   548  21.830   2.886         
 0683   548  16.861   1.293         
 0684   548  19.466   1.897         
 0685   548  20.788   2.364         
 0686   548  18.413   3.712         
 0687   548  22.006   1.603         
 0688   548  19.947   1.701         
 0689   548  21.892   2.193         
 0690   548  21.348   1.967         
 0691   548  19.741   1.949         
 0692   548  22.103   2.498         
 0693   548  18.949   1.854         
 0694   548  15.904   1.586         
 0695   548  21.036   1.777         
 0696   548  21.085   1.941         
 0697   548  17.946   1.487         
 0698   548  15.620   1.208         
 0699   548  21.306   2.142         
 0700   548  14.464   0.629         
 0701   548  20.088   2.392         
 0702   548  19.979   2.935         
 0703   548  17.210   1.432         
 0704   548  19.828   2.046         
 0705   548  16.355   1.472         
 0706   548  18.333   2.598         
 0707   548  21.104   1.950         
 0708   548  19.307   2.018         
 0709   548  19.778   1.892         
 0710   548  18.648   1.791         
 0711   548  21.905   2.368         
 0712   548  20.295   2.337         
 0713   548  19.915   1.445         
 0714   548  22.113   2.017         
 0715   548  20.891   2.212         
 0716   548  18.638   1.836         
 0717   548  21.217   1.810         
 0718   548  19.743   1.906         
 0719   548  16.615   1.512         
 0720   548  20.891   2.062         
 0721   548  15.662   0.697         
 0722   548  19.807   1.851         
 0723   548  18.723   1.924         
 0724   548  18.159   1.634         
 0725   548  21.126   2.269         
 0726   548  18.772   2.510         
 0727   548  20.402   1.926         
 0728   548  16.562   0.879         
 0729   548  21.169   2.198         
 0730   548  20.247   1.855         
 0731   548  20.459   1.883         
 0732   548  20.609   1.873         
 0733   548  18.970   2.894         
 0734   548  20.556   2.061         
 0735   548  15.848   2.235         
 0736   548  19.078   1.865         
 0737   548  23.628   1.281         
 0738   548  21.459   1.644         
 0739   548  20.606   1.940         
 0740   548  21.381   1.927         
 0741   548  17.900   3.287         
 0742   548  22.172   2.192         
 0743   548  15.400   1.617         
 0744   548  19.764   2.164         
 0745   548  14.914   0.903         
 0746   548  19.895   1.766         
 0747   548  19.558   2.910         
 0748   548  20.185   2.325         
 0749   548  21.297   2.406         
 0750   548  22.059   2.424         
 0751   548  20.239   1.864         
 0752   548  22.003   1.642         
 0753   548  18.177   2.778         
 0754   548  21.393   2.074         
 0755   548  21.259   2.668         
 0756   548  16.210   1.359         
 0757   548  14.996   1.220         
 0758   548  20.516   2.113         
 0759   548  19.963   1.948         
 0760   548  20.231   1.944         
 0761   548  18.878   3.055         
 0762   548  17.754   1.282         
 0763   548  18.408   1.676         
 0764   548  21.122   2.063         
 0765   548  22.178   1.749         
 0766   548  21.063   2.294         
 0767   548  18.457   1.736         
 0768   548  18.410   1.619         
 0769   548  18.728   1.793         
 0770   548  22.042   1.725         
 0771   548  20.241   2.184         
 0772   548  19.971   1.726         
 0773   548  19.900   2.112         
 0774   548  20.649   1.563         
 0775   548  19.350   2.878         
 0776   548  20.432   2.862         
 0777   548  20.391   1.795         
 0778   548  20.027   2.119         
 0779   548  16.197   1.072         
 0780   548  20.832   1.967         
 0781   548  18.069   1.743         
 0782   548  21.111   3.630         
 0783   548  20.861   1.845         
 0784   548  18.626   1.755         
 0785   548  21.461   2.410         
 0786   548  21.402   1.580         
 0787   548  21.616   2.143         
 0788   548  18.131   1.539         
 0789   548  21.151   2.645         
 0790   548  17.229   1.435         
 0791   548  17.924   1.745         
 0792   548  19.227   1.971         
 0793   548  17.356   1.528         
 0794   548  16.777   1.355         
 0795   548  20.160   1.953         
 0796   548  20.642   1.999         
 0797   548  20.894   2.220         
 0798   548  20.392   2.003         
 0799   548  16.880   2.700         
 0800   548  20.957   2.152         
 0801   548  19.702   2.025         
 0802   548  20.589   2.815         
 0803   548  21.617   2.212         
 0804   548  20.143   1.768         
 0805   548  18.382   1.674         
 0806   548  20.507   2.426         
 0807   548  16.538   1.323         
 0808   548  20.764   2.038         
 0809   548  21.212   1.937         
 0810   548  16.443   1.328         
 0811   548  20.227   1.892         
 0812   548  20.439   1.958         
 0813   548  20.630   2.316         
 0814   548  20.865   2.029         
 0815   548  18.703   1.776         
 0816   548  18.992   2.414         
 0817   548  19.745   1.856         
 0818   548  18.688   1.683         
 0819   548  19.906   2.221         
 0820   548  20.046   2.269         
 0821   548  21.690   2.075         
 0822   548  20.589   2.051         
 0823   548  21.121   2.293         
 0824   548  19.996   2.169         
 0825   548  19.101   1.707         
 0826   548  20.519   2.129         
 0827   548  16.192   0.998         
 0828   548  19.357   2.114         
 0829   548  18.158   1.734         
 0830   548  22.037   1.173         
 0831   548  20.216   2.153         
 0832   548  19.370   2.076         
 0833   548  21.088   1.868         
 0834   548  19.010   2.088         
 0835   548  16.647   0.938         
 0836   548  18.760   2.278         
 0837   548  18.113   2.513         
 0838   548  20.002   1.766         
 0839   548  20.777   2.475         
 0840   548  18.632   1.792         
 0841   548  19.678   1.897         
 0842   548  17.429   1.472         
 0843   548  19.281   1.784         
 0844   548  18.664   1.451         
 0845   548  20.199   1.981         
 0846   548  20.051   1.831         
 0847   548  20.207   2.412         
 0848   548  20.256   1.929         
 0849   548  15.051   2.684         
 0850   548  19.902   1.968         
 0851   548  21.391   2.637         
 0852   548  22.103   1.961         
 0853   548  21.057   1.587         
 0854   548  20.392   1.854         
 0855   548  18.748   1.615         
 0856   548  20.945   1.992         
 0857   548  20.280   1.835         
 0858   548  15.849   0.927         
 0859   548  21.906   2.755         
 0860   548  22.051   1.551         
 0861   548  18.762   1.803         
 0862   548  18.404   1.477         
 0863   548  21.702   1.645         
 0864   548  20.602   2.064         
 0865   548  20.539   1.664         
 0866   548  15.531   2.239         
 0867   548  20.404   1.879         
 0868   548  20.644   2.238         
 0869   548  17.229   1.609         
 0870   548  18.293   1.560         
 0871   548  21.549   2.228         
 0872   548  17.569   2.681         
 0873   548  21.428   1.698         
 0874   548  17.366   1.273         
 0875   548  20.883   2.114         
 0876   548  18.080   1.550         
 0877   548  21.148   2.377         
 0878   548  17.323   1.491         
 0879   548  19.986   1.972         
 0880   548  19.031   1.636         
 0881   548  20.788   1.931         
 0882   548  16.796   1.331         
 0883   548  21.161   2.381         
 0884   548  19.298   2.995         
 0885   548  17.311   1.067         
 0886   548  16.987   2.108         
 0887   548  19.554   1.774         
 0888   548  19.802   1.953         
 0889   548  19.231   1.722         
 0890   548  17.411   1.219         
 0891   548  15.110   0.830         
 0892   548  20.693   2.166         
 0893   548  17.390   1.314         
 0894   548  21.464   2.608         
 0895   548  19.569   1.800         
 0896   548  19.424   1.907         
 0897   548  17.886   1.564         
 0898   548  19.326   1.596         
 0899   548  17.353   1.361         
 0900   548  22.010   2.729         
 0901   548  21.846   2.228         
 0902   548  19.234   1.649         
 0903   548  19.359   1.870         
 0904   548  19.650   1.791         
 0905   548  15.323   1.503         
 0906   548  21.812   2.471         
 0907   548  21.779   1.686         
 0908   548  19.728   2.249         
 0909   548  16.504   1.046         
 0910   548  17.301   3.476         
 0911   548  20.715   1.904         
 0912   548  19.448   1.910         
 0913   548  14.505   0.802         
 0914   548  20.961   2.179         
 0915   548  22.775   1.801         
 0916   548  18.773   1.900         
 0917   548  17.937   1.679         
 0918   548  20.584   1.990         
 0919   548  22.078   2.059         
 0920   548  15.218   1.178         
 0921   548  20.853   2.313         
 0922   548  19.840   1.848         
 0923   548  18.592   1.552         
 0924   548  18.797   1.631         
 0925   548  21.149   2.624         
 0926   548  16.718   1.226         
 0927   548  18.064   1.901         
 0928   548  20.638   2.161         
 0929   548  19.519   1.721         
 0930   548  19.860   1.921         
 0931   548  18.536   1.726         
 0932   548  16.528   1.001         
 0933   548  21.151   2.192         
 0934   548  21.645   2.320         
 0935   548  20.552   3.495         
 0936   548  20.756   2.530         
 0937   548  19.031   1.490         
 0938   548  17.212   1.227         
 0939   548  19.747   2.016         
 0940   548  20.670   2.767         
 0941   548  15.028   1.051         
 0942   548  16.280   1.292         
 0943   548  20.529   2.066         
 0944   548  17.837   1.269         
 0945   548  19.547   1.735         
 0946   548  20.057   1.780         
 0947   548  17.614   1.534         
 0948   548  21.727   1.578         
 0949   548  22.656   1.768         
 0950   548  20.571   2.442         
 0951   548  17.877   1.313         
 0952   548  18.871   2.660         
 0953   548  19.596   1.774         
 0954   548  19.468   1.773         
 0955   548  19.346   1.749         
 0956   548  18.959   2.018         
 0957   548  18.398   1.571         
 0958   548  19.096   3.613         
 0959   548  19.203   1.966         
 0960   548  20.463   2.180         
 0961   548  16.031   2.220         
 0962   548  15.282   2.525         
 0963   548  19.512   1.909         
 0964   548  21.846   2.587         
 0965   548  16.374   2.528         
 0966   548  19.805   1.987         
 0967   548  15.282   1.362         
 0968   548  21.775   2.503         
 0969   548  18.370   1.752         
 0970   548  15.729   0.902         
 0971   548  19.352   1.938         
 0972   548  20.336   1.978         
 0973   548  20.727   2.988         
 0974   548  21.041   2.353         
 0975   548  21.326   2.491         
 0976   548  16.532   1.112         
 0977   548  20.119   1.885         
 0978   548  18.084   1.684         
 0979   548  21.590   2.143         
 0980   548  15.249   3.012         
 0981   548  21.226   2.445         
 0982   548  17.751   1.536         
 0983   548  21.980   2.099         
 0984   548  20.860   2.427         
 0985   548  17.539   1.447         
 0986   548  19.813   2.097         
 0987   548  21.916   2.464         
 0988   548  19.856   1.950         
 0989   548  20.284   2.067         
 0990   548  20.302   2.064         
 0991   548  18.576   1.674         
 0992   548  20.776   2.200         
 0993   548  19.045   1.869         
 0994   548  21.125   2.272         
 0995   548  15.963   2.514         
 0996   548  17.077   1.202         
 0997   548  21.894   2.073         
 0998   548  20.105   2.103         
 0999   548  14.742   3.173         
 1000   548  19.671   3.168         
 1001   548  20.331   2.582         
 1002   548  20.087   1.873         
 1003   548  20.196   1.914         
 1004   548  20.688   2.052         
 1005   548  14.245   0.478         
 1006   548  21.080   2.067         
 1007   548  18.079   1.946         
 1008   548  20.673   2.081         
 1009   548  20.970   1.973         
 1010   548  17.686   3.099         
 1011   548  18.372   2.476         
 1012   548  17.558   1.586         
 1013   548  20.459   1.920         
 1014   548  17.198   1.457         
 1015   548  20.011   2.820         
 1016   548  19.474   1.951         
 1017   548  19.434   1.865         
 1018   548  20.328   3.207         
 1019   548  18.197   2.590         
 1020   548  17.305   1.234         
 1021   548  20.172   1.913         
 1022   548  18.308   1.518         
 1023   548  19.203   3.398         
 1024   548  21.477   1.818         
 1025   548  17.920   1.524         
 1026   548  19.795   1.894         
 1027   548  18.658   1.605         
 1028   548  19.186   1.773         
 1029   548  19.988   1.942         
 1030   548  18.729   1.746         
 1031   548  18.101   1.812         
 1032   548  21.933   2.448         
 1033   548  20.965   1.930         
 1034   548  21.511   2.020         
 1035   548  17.850   1.561         
 1036   548  21.039   1.733         
 1037   548  21.406   2.621         
 1038   548  21.823   1.824         
 1039   548  21.778   2.372         
 1040   548  17.434   1.383         
 1041   548  15.586   0.853         
 1042   548  20.661   2.143         
 1043   548  21.511   2.321         
 1044   548  19.687   2.700         
 1045   548  22.016   1.675         
 1046   548  14.625   1.026         
 1047   548  17.155   1.243         
 1048   548  17.343   1.283         
 1049   548  20.129   1.908         
 1050   548  15.268   1.381         
 1051   548  22.007   2.591         
 1052   548  18.427   3.444         
 1053   548  17.061   2.288         
 1054   548  19.719   2.208         
 1055   548  20.210   1.765         
 1056   548  19.474   1.770         
 1057   548  17.569   1.321         
 1058   548  18.017   1.353         
 1059   548  16.710   1.174         
 1060   548  20.237   2.897         
 1061   548  18.864   1.526         
 1062   548  20.396   1.965         
 1063   548  21.214   2.495         
 1064   548  16.194   0.993         
 1065   548  18.296   1.637         
 1066   548  20.791   2.369         
 1067   548  19.835   2.098         
 1068   548  21.619   2.204         
 1069   548  20.518   1.871         
 1070   548  20.563   1.999         
 1071   548  21.761   3.307         
 1072   548  21.144   2.215         
 1073   548  19.176   2.704         
 1074   548  17.542   1.370         
 1075   548  18.658   1.565         
 1076   548  14.913   1.563         
 1077   548  22.354   2.180         
 1078   548  19.623   1.842         
 1079   548  18.971   2.155         
 1080   548  17.717   1.812         
 1081   548  19.017   1.776         
 1082   548  19.503   1.848         
 1083   548  19.471   1.615         
 1084   548  14.696   0.982         
 1085   548  19.956   2.702         
 1086   548  18.948   1.789         
 1087   548  18.674   1.938         
 1088   548  20.592   2.281         
 1089   548  17.104   1.254         
 1090   548  19.931   1.716         
 1091   548  14.737   1.717         
 1092   548  19.885   2.080         
 1093   548  18.175   2.560         
 1094   548  20.912   1.918         
 1095   548  21.845   2.455         
 1096   548  19.513   2.173         
 1097   548  19.736   1.885         
 1098   548  20.183   1.903         
 1099   548  19.670   2.090         
 1100   548  20.575   2.162         
 1101   548  16.825   1.016         
 1102   548  17.986   1.505         
 1103   548  18.045   1.693         
 1104   548  20.326   2.152         
 1105   548  19.938   2.280         
 1106   548  20.565   2.118         
 1107   548  17.752   1.494         
 1108   548  21.363   1.861         
 1109   548  17.792   1.553         
 1110   548  17.525   1.684         
 1111   548  18.928   2.570         
 1112   548  21.130   2.011         
 1113   548  21.064   2.324         
 1114   548  20.071   2.105         
 1115   548  20.532   1.730         
 1116   548  20.643   2.836         
 1117   548  19.045   1.837         
 1118   548  16.275   1.200         
 1119   548  19.728   2.022         
 1120   548  19.779   1.825         
 1121   548  20.636   2.899         
 1122   548  22.106   1.365         
 1123   548  19.663   1.742         
 1124   548  17.697   1.596         
 1125   548  19.072   1.842         
 1126   548  16.106   0.859         
 1127   548  13.890   0.498         
 1128   548  16.429   1.517         
 1129   548  21.443   2.204         
 1130   548  15.020   2.537         
 1131   548  18.939   1.890         
 1132   548  18.807   1.712         
 1133   548  20.177   2.362         
 1134   548  21.763   2.375         
 1135   548  20.762   1.727         
 1136   548  18.562   1.740         
 1137   548  20.890   2.277         
 1138   548  20.133   1.997         
 1139   548  20.035   2.004         
 1140   548  14.471   3.274         
 1141   548  19.601   2.044         
 1142   548  23.276   2.466         
 1143   548  17.913   1.536         
 1144   548  20.181   1.931         
 1145   548  20.950   2.299         
 1146   548  20.384   2.107         
 1147   548  21.553   2.199         
 1148   548  19.026   2.280         
 1149   548  20.443   2.042         
 1150   548  19.883   1.750         
 1151   548  20.185   1.950         
 1152   548  21.582   1.912         
 1153   548  21.000   2.058         
 1154   548  20.000   2.072         
 1155   548  19.260   1.762         
 1156   548  20.636   1.891         
 1157   548  20.785   2.040         
 1158   548  19.270   2.368         
 1159   548  21.600   1.445         
 1160   548  20.183   1.873         
 1161   548  22.085   1.793         
 1162   548  18.371   1.620         
 1163   548  15.208   0.741         
 1164   548  20.935   1.971         
 1165   548  19.960   1.947         
 1166   548  20.260   1.809         
 1167   548  20.455   2.059         
 1168   548  20.525   1.745         
 1169   548  18.031   1.555         
 1170   548  20.796   2.635         
 1171   548  20.009   1.825         
 1172   548  21.216   2.616         
 1173   548  19.594   1.787         
 1174   548  19.642   1.939         
 1175   548  15.094   1.249         
 1176   548  21.490   1.813         
 1177   548  21.907   2.498         
 1178   548  21.267   1.880         
 1179   548  21.922   1.798         
 1180   548  19.155   1.556         
 1181   548  18.973   2.316         
 1182   548  20.113   1.850         
 1183   548  20.259   1.871         
 1184   548  19.204   1.769         
 1185   548  18.452   3.223         
 1186   548  20.788   1.763         
 1187   548  16.183   0.929         
 1188   548  17.202   1.478         
 1189   548  20.774   1.855         
 1190   548  18.319   1.394         
 1191   548  20.074   2.040         
 1192   548  19.595   1.696         
 1193   548  18.201   1.830         
 1194   548  14.187   1.548         
 1195   548  21.286   1.944         
 1196   548  20.683   2.145         
 1197   548  18.283   1.262         
 1198   548  16.702   1.187         
 1199   548  20.352   1.927         
 1200   548  17.281   1.254         
 1201   548  18.909   1.747         
 1202   548  19.789   1.866         
 1203   548  20.356   1.666         
 1204   548  21.862   2.923         
 1205   548  19.984   2.080         
 1206   548  21.503   1.742         
 1207   548  20.623   1.890         
 1208   548  19.657   2.007         
 1209   548  19.894   1.831         
 1210   548  21.056   1.915         
 1211   548  19.621   2.030         
 1212   548  20.703   2.096         
 1213   548  20.530   2.169         
 1214   548  16.012   1.263         
 1215   548  18.141   1.441         
 1216   548  20.667   2.015         
 1217   548  20.246   2.490         
 1218   548  19.596   1.895         
 1219   548  18.549   1.687         
 1220   548  19.818   1.926         
 1221   548  19.680   1.925         
 1222   548  17.495   2.434         
 1223   548  20.095   2.739         
 1224   548  22.793   1.569         
 1225   548  21.181   1.885         
 1226   548  19.657   1.771         
 1227   548  19.806   2.022         
 1228   548  15.624   0.956         
 1229   548  19.384   2.005         
 1230   548  21.410   3.101         
 1231   548  19.891   1.978         
 1232   548  20.227   3.521         
 1233   548  19.557   2.011         
 1234   548  18.556   1.542         
 1235   548  22.125   1.862         
 1236   548  21.596   2.044         
 1237   548  19.943   1.698         
 1238   548  15.285   1.190         
 1239   548  19.102   1.551         
 1240   548  21.133   2.013         
 1241   548  18.610   1.880         
 1242   548  20.368   2.175         
 1243   548  19.612   1.722         
 1244   548  16.528   0.914         
 1245   548  19.846   1.964         
 1246   548  17.466   1.375         
 1247   548  22.655   1.682         
 1248   548  20.442   2.089         
 1249   548  22.454   1.427         
 1250   548  19.756   1.898         
 1251   548  17.051   1.295         
 1252   548  20.744   2.756         
 1253   548  16.995   1.279         
 1254   548  19.587   1.840         
 1255   548  19.109   2.328         
 1256   548  21.709   1.857         
 1257   548  19.649   1.890         
 1258   548  21.548   2.106         
 1259   548  21.350   1.857         
 1260   548  20.732   2.209         
 1261   548  17.562   1.180         
 1262   548  19.288   1.422         
 1263   548  19.070   1.875         
 1264   548  20.486   1.867         
 1265   548  19.608   2.247         
 1266   548  22.681   2.041         
 1267   548  20.268   1.978         
 1268   548  21.267   2.112         
 1269   548  20.751   2.561         
 1270   548  20.014   2.170         
 1271   548  17.427   1.616         
 1272   548  22.357   1.956         
 1273   548  21.431   2.614         
 1274   548  19.566   1.815         
 1275   548  21.614   2.650         
 1276   548  19.714   2.567         
 1277   548  23.784   1.171         
 1278   548  18.368   1.796         
 1279   548  20.171   1.894         
 1280   548  19.885   2.152         
 1281   548  20.102   1.758         
 1282   548  19.327   1.820         
 1283   548  21.554   2.469         
 1284   548  19.506   2.066         
 1285   548  18.008   1.294         
 1286   548  20.904   2.115         
 1287   548  19.711   1.980         
 1288   548  19.177   2.662         
 1289   548  21.710   1.729         
 1290   548  18.499   1.920         
 1291   548  20.446   2.346         
 1292   548  19.525   1.781         
 1293   548  18.987   1.653         
 1294   548  20.122   1.842         
 1295   548  19.789   2.175         
 1296   548  20.282   2.199         
 1297   548  18.250   1.662         
 1298   548  19.681   2.036         
 1299   548  19.756   1.885         
 1300   548  19.532   1.908         
 1301   548  18.505   1.764         
 1302   548  20.529   1.922         
 1303   548  21.280   2.172         
 1304   548  21.229   2.778         
 1305   548  21.973   2.988         
 1306   548  20.710   2.020         
 1307   548  20.345   2.207         
 1308   548  19.990   1.802         
 1309   548  14.540   1.075         
 1310   548  20.400   1.731         
 1311   548  21.434   2.029         
 1312   548  17.148   1.643         
 1313   548  19.114   1.971         
 1314   548  19.640   3.002         
 1315   548  20.046   2.497         
 1316   548  22.039   2.727         
 1317   548  19.353   1.907         
 1318   548  17.260   1.188         
 1319   548  19.842   2.100         
 1320   548  19.753   1.928         
 1321   548  17.486   1.236         
 1322   548  15.549   1.050         
 1323   548  20.058   1.833         
 1324   548  18.746   1.797         
 1325   548  20.047   1.982         
 1326   548  17.420   1.128         
 1327   548  17.803   1.281         
 1328   548  20.846   2.277         
 1329   548  18.732   1.999         
 1330   548  15.925   1.537         
 1331   548  20.613   1.986         
 1332   548  21.998   3.154         
 1333   548  18.496   1.623         
 1334   548  20.737   2.063         
 1335   548  19.708   2.084         
 1336   548  18.211   1.688         
 1337   548  20.765   1.904         
 1338   548  19.146   1.736         
 1339   548  20.568   2.211         
 1340   548  18.083   2.709         
 1341   548  19.438   1.800         
 1342   548  19.820   2.001         
 1343   548  21.580   2.007         
 1344   548  23.073   1.760         
 1345   548  18.863   1.700         
 1346   548  21.483   2.017         
 1347   548  19.432   1.556         
 1348   548  16.686   1.265         
 1349   548  20.642   2.110         
 1350   548  16.913   0.922         
 1351   548  18.076   1.482         
 1352   548  17.850   1.664         
 1353   548  21.258   2.067         
 1354   548  15.671   1.047         
 1355   548  21.338   2.695         
 1356   548  18.056   1.659         
 1357   548  20.558   1.998         
 1358   548  19.658   1.726         
 1359   548  21.095   1.941         
 1360   548  22.733   1.548         
 1361   548  18.063   1.450         
 1362   548  17.127   1.695         
 1363   548  22.401   1.907         
 1364   548  19.252   1.667         
 1365   548  19.448   1.991         
 1366   548  16.747   1.204         
 1367   548  18.945   1.666         
 1368   548  18.875   2.493         
 1369   548  17.131   1.385         
 1370   548  19.910   2.628         
 1371   548  20.952   1.640         
 1372   548  17.730   1.511         
 1373   548  18.373   1.855         
 1374   548  20.326   1.684         
 1375   548  21.501   1.718         
 1376   548  18.092   1.461         
 1377   548  20.675   1.942         
 1378   548  16.247   0.948         
 1379   548  20.830   2.007         
 1380   548  17.349   2.020         
 1381   548  19.963   1.742         
 1382   548  21.451   2.083         
 1383   548  22.164   2.536         
 1384   548  19.789   1.687         
 1385   548  21.240   2.178         
 1386   548  20.038   1.931         
 1387   548  21.580   1.934         
 1388   548  16.875   2.970         
 1389   548  19.764   1.857         
 1390   548  20.682   2.329         
 1391   548  19.643   1.829         
 1392   548  19.253   1.964         
 1393   548  19.098   2.052         
 1394   548  21.400   1.684         
 1395   548  19.136   1.928         
 1396   548  18.186   1.656         
 1397   548  19.954   1.838         
 1398   548  16.832   1.083         
 1399   548  19.793   1.726         
 1400   548  19.627   2.067         
 1401   548  20.026   1.961         
 1402   548  21.992   2.289         
 1403   548  18.264   1.563         
 1404   548  20.324   2.147         
 1405   548  20.650   2.234         
 1406   548  20.221   2.122         
 1407   548  16.995   2.072         
 1408   548  20.615   2.023         
 1409   548  20.608   1.872         
 1410   548  21.202   1.553         
 1411   548  17.009   1.600         
 1412   548  16.142   1.274         
 1413   548  18.764   1.838         
 1414   548  20.590   1.886         
 1415   548  20.472   1.833         
 1416   548  21.742   2.512         
 1417   548  19.252   1.839         
 1418   548  21.232   1.750         
 1419   548  18.959   1.617         
 1420   548  16.897   1.457         
 1421   548  15.906   0.872         
 1422   548  16.254   1.218         
 1423   548  20.673   2.157         
 1424   548  19.751   1.789         
 1425   548  21.185   2.548         
 1426   548  21.889   1.476         
 1427   548  21.012   2.179         
 1428   548  20.215   1.907         
 1429   548  21.464   1.585         
 1430   548  17.881   2.514         
 1431   548  20.733   2.001         
 1432   548  21.039   2.014         
 1433   548  20.339   2.205         
 1434   548  21.724   2.364         
 1435   548  15.921   0.932         
 1436   548  17.726   1.309         
 1437   548  20.804   1.939         
 1438   548  17.607   1.806         
 1439   548  21.710   2.704         
 1440   548  20.369   2.107         
 1441   548  21.381   2.091         
 1442   548  20.671   2.100         
 1443   548  20.873   1.949         
 1444   548  16.965   1.505         
 1445   548  19.026   1.831         
 1446   548  19.318   2.017         
 1447   548  19.616   1.669         
 1448   548  16.863   2.265         
 1449   548  17.440   1.610         
 1450   548  20.304   3.031         
 1451   548  21.272   1.635         
 1452   548  20.261   1.687         
 1453   548  18.353   1.473         
 1454   548  17.605   1.341         
 1455   548  20.008   1.658         
 1456   548  21.607   2.185         
 1457   548  17.925   2.382         
 1458   548  21.382   3.856         
 1459   548  20.408   2.039         
 1460   548  20.323   2.044         
 1461   548  17.752   1.615         
 1462   548  20.112   2.100         
 1463   548  19.236   1.546         
 1464   548  19.828   1.880         
 1465   548  22.180   1.614         
 1466   548  20.118   2.121         
 1467   548  18.165   1.529         
 1468   548  21.258   2.794         
 1469   548  21.372   2.912         
 1470   548  21.695   2.000         
 1471   548  20.991   1.978         
 1472   548  17.106   1.409         
 1473   548  19.622   1.693         
 1474   548  21.524   1.747         
 1475   548  19.444   2.891         
 1476   548  17.813   2.625         
 1477   548  19.103   2.654         
 1478   548  19.330   2.923         
 1479   548  20.132   2.313         
 1480   548  19.456   1.793         
 1481   548  15.816   0.759         
 1482   548  19.642   1.856         
 1483   548  20.210   1.753         
 1484   548  18.627   1.742         
 1485   548  18.276   1.486         
 1486   548  18.852   1.790         
 1487   548  19.074   1.871         
 1488   548  21.063   1.883         
 1489   548  19.420   1.988         
 1490   548  19.265   1.834         
 1491   548  20.422   2.096         
 1492   548  20.767   2.261         
 1493   548  18.514   1.693         
 1494   548  20.294   2.043         
 1495   548  20.413   2.158         
 1496   548  20.055   1.696         
 1497   548  21.689   1.562         
 1498   548  19.203   1.764         
 1499   548  16.871   1.097         
 1500   548  14.734   0.701         
 1501   548  18.313   2.594         
 1502   548  21.244   2.165         
 1503   548  20.915   1.755         
 1504   548  21.222   2.266         
 1505   548  18.854   2.080         
 1506   548  19.772   1.961         
 1507   548  21.662   2.536         
 1508   548  22.240   1.451         
 1509   548  18.228   1.435         
 1510   548  20.048   1.756         
 1511   548  17.897   1.807         
 1512   548  17.374   1.592         
 1513   548  20.111   1.985         
 1514   548  21.408   1.932         
 1515   548  15.923   0.968         
 1516   548  18.735   1.651         
 1517   548  16.143   1.348         
 1518   548  21.373   1.928         
 1519   548  21.259   2.001         
 1520   548  20.828   1.984         
 1521   548  22.299   2.710         
 1522   548  20.738   1.936         
 1523   548  17.501   1.200         
 1524   548  19.708   1.664         
 1525   548  22.295   2.507         
 1526   548  19.844   2.115         
 1527   548  14.788   0.817         
 1528   548  18.456   1.747         
 1529   548  20.676   1.908         
 1530   548  22.434   2.012         
 1531   548  16.800   2.586         
 1532   548  21.190   2.244         
 1533   548  20.913   1.724         
 1534   548  19.332   2.670         
 1535   548  18.237   1.650         
 1536   548  20.556   1.769         
 1537   548  22.181   2.188         
 1538   548  20.634   1.831         
 1539   548  22.667   3.539         
 1540   548  21.718   2.175         
 1541   548  20.226   1.934         
 1542   548  19.369   1.689         
 1543   548  14.616   1.095         
 1544   548  19.793   1.882         
 1545   548  15.686   2.451         
 1546   548  19.671   1.771         
 1547   548  17.686   1.317         
 1548   548  19.726   2.103         
 1549   548  21.437   1.636         
 1550   548  14.578   0.927         
 1551   548  18.506   1.599         
 1552   548  18.699   1.540         
 1553   548  20.905   2.559         
 1554   548  20.856   2.037         
 1555   548  17.209   2.207         
 1556   548  20.097   2.972         
 1557   548  19.494   1.679         
 1558   548  20.339   1.857         
 1559   548  21.072   2.265         
 1560   548  17.192   2.741         
 1561   548  21.123   2.099         
 1562   548  19.803   1.780         
 1563   548  19.738   2.243         
 1564   548  21.608   1.805         
 1565   548  20.695   2.894         
 1566   548  21.536   2.316         
 1567   548  19.285   2.514         
 1568   548  20.412   1.777         
 1569   548  19.864   1.976         
 1570   548  15.857   2.811         
 1571   548  19.714   1.970         
 1572   548  21.568   2.362         
 1573   548  20.908   1.882         
 1574   548  19.745   1.949         
 1575   548  19.808   2.167         
 1576   548  19.075   1.825         
 1577   548  20.390   2.017         
 1578   548  19.332   2.103         
 1579   548  20.800   1.829         
 1580   548  18.928   2.485         
 1581   548  21.723   2.205         
 1582   548  21.675   2.307         
 1583   548  20.703   2.453         
 1584   548  18.940   1.817         
 1585   548  19.290   2.111         
 1586   548  19.913   2.989         
 1587   548  18.522   2.341         
 1588   548  18.076   2.474         
 1589   548  21.926   1.949         
 1590   548  21.354   2.019         
 1591   548  19.100   1.768         
 1592   548  20.487   1.821         
 1593   548  21.320   1.848         
 1594   548  18.807   3.329         
 1595   548  18.109   1.495         
 1596   548  14.318   0.671         
 1597   548  19.554   1.753         
 1598   548  19.278   1.801         
 1599   548  19.222   3.461         
 1600   548  14.585   0.716         
 1601   548  20.592   2.086         
 1602   548  20.924   1.978         
 1603   548  19.666   2.524         
 1604   548  18.766   2.196         
 1605   548  22.017   2.300         
 1606   548  19.025   2.083         
 1607   548  19.348   1.772         
 1608   548  19.696   2.043         
 1609   548  21.875   1.772         
 1610   548  19.588   1.996         
 1611   548  20.823   2.237         
 1612   548  19.205   1.666         
 1613   548  21.064   2.808         
 1614   548  21.816   1.646         
 1615   548  17.115   1.333         
 1616   548  17.286   1.826         
 1617   548  18.901   1.769         
 1618   548  21.875   2.613         
 1619   548  21.229   2.123         
 1620   548  18.479   1.346         
 1621   548  20.867   1.976         
 1622   548  21.959   3.721         
 1623   548  18.195   2.507         
 1624   548  19.346   1.885         
 1625   548  16.991   1.128         
 1626   548  16.252   2.682         
 1627   548  20.585   1.864         
 1628   548  21.952   2.062         
 1629   548  22.119   2.299         
 1630   548  17.144   1.563         
 1631   548  20.756   2.231         
 1632   548  20.536   1.954         
 1633   548  21.112   2.126         
 1634   548  20.690   2.114         
 1635   548  21.610   2.522         
 1636   548  19.602   1.671         
 1637   548  19.870   1.995         
 1638   548  20.031   1.944         
 1639   548  20.268   2.324         
 1640   548  20.933   1.994         
 1641   548  20.692   1.923         
 1642   548  19.096   1.699         
 1643   548  18.143   1.450         
 1644   548  21.792   2.105         
 1645   548  18.494   1.594         
 1646   548  18.965   1.739         
 1647   548  18.008   2.499         
 1648   548  15.404   1.289         
 1649   548  19.593   1.630         
 1650   548  18.826   1.470         
 1651   548  16.837   1.259         
 1652   548  19.089   1.809         
 1653   548  20.636   2.105         
 1654   548  18.170   1.859         
 1655   548  21.909   1.753         
 1656   548  17.998   1.352         
 1657   548  21.242   2.245         
 1658   548  20.751   2.155         
 1659   548  18.716   3.047         
 1660   548  15.102   2.527         
 1661   548  19.073   1.906         
 1662   548  20.609   1.917         
 1663   548  19.256   1.880         
 1664   548  21.600   2.628         
 1665   548  21.785   1.921         
 1666   548  21.068   2.345         
 1667   548  18.978   1.830         
 1668   548  18.706   1.622         
 1669   548  18.609   1.525         
 1670   548  17.054   1.614         
 1671   548  19.546   2.096         
 1672   548  17.300   1.369         
 1673   548  17.805   2.795         
 1674   548  18.846   1.610         
 1675   548  19.008   1.888         
 1676   548  19.042   1.611         
 1677   548  20.341   1.812         
 1678   548  20.527   2.082         
 1679   548  21.345   1.943         
 1680   548  20.021   1.886         
 1681   548  20.686   1.717         
 1682   548  19.882   1.628         
 1683   548  21.598   2.493         
 1684   548  20.398   1.731         
 1685   548  22.022   1.975         
 1686   548  18.033   2.725         
 1687   548  20.553   1.753         
 1688   548  21.919   2.199         
 1689   548  20.021   1.887         
 1690   548  20.830   1.852         
 1691   548  20.754   1.628         
 1692   548  21.422   1.857         
 1693   548  20.897   2.053         
 1694   548  21.491   1.791         
 1695   548  19.815   1.767         
 1696   548  20.515   2.048         
 1697   548  19.629   1.952         
 1698   548  21.135   1.929         
 1699   548  21.174   2.079         
 1700   548  21.412   2.027         
 1701   548  21.444   1.793         
 1702   548  21.900   1.765         
 1703   548  19.695   1.559         
 1704   548  19.082   1.841         
 1705   548  20.136   1.808         
 1706   548  18.009   2.431         
 1707   548  22.611   2.400         
 1708   548  21.845   2.130         
 1709   548  20.832   2.112         
 1710   548  14.602   0.916         
 1711   548  14.562   0.890         
 1712   548  19.032   1.886         
 1713   548  20.537   2.115         
 1714   548  18.130   1.421         
 1715   548  19.545   1.995         
 1716   548  22.555   1.262         
 1717   548  19.514   2.051         
 1718   548  17.811   1.548         
 1719   548  20.846   1.887         
 1720   548  19.383   1.905         
 1721   548  18.827   2.255         
 1722   548  19.575   1.621         
 1723   548  20.658   1.676         
 1724   548  21.772   1.563         
 1725   548  20.044   1.878         
 1726   548  21.830   2.200         
 1727   548  18.281   2.495         
 1728   548  18.838   1.611         
 1729   548  15.103   0.924         
 1730   548  21.289   2.988         
 1731   548  19.268   2.019         
 1732   548  21.251   2.434         
 1733   548  20.690   2.429         
 1734   548  21.905   2.218         
 1735   548  20.531   1.992         
 1736   548  18.175   1.699         
 1737   548  19.440   1.920         
 1738   548  19.203   1.760         
 1739   548  21.431   2.119         
 1740   548  22.145   1.948         
 1741   548  21.627   2.080         
 1742   548  18.765   1.620         
 1743   548  21.145   1.605         
 1744   548  19.775   2.460         
 1745   548  20.648   1.980         
 1746   548  18.645   1.580         
 1747   548  18.879   1.493         
 1748   548  19.995   1.812         
 1749   548  15.145   1.561         
 1750   548  17.758   1.323         
 1751   548  20.217   1.726         
 1752   548  16.087   1.244         
 1753   548  17.491   1.757         
 1754   548  19.891   1.524         
 1755   548  20.672   2.144         
 1756   548  22.046   1.498         
 1757   548  19.577   1.868         
 1758   548  18.568   1.766         
 1759   548  21.841   1.952         
 1760   548  21.115   1.788         
 1761   548  19.497   1.962         
 1762   548  21.742   1.540         
 1763   548  19.208   1.915         
 1764   548  21.264   2.046         
 1765   548  19.039   1.806         
 1766   548  17.374   2.758         
 1767   548  17.326   1.174         
 1768   548  21.004   2.223         
 1769   548  19.969   1.968         
 1770   548  19.530   2.145         
 1771   548  20.630   1.988         
 1772   548  19.943   1.855         
 1773   548  21.076   1.985         
 1774   548  17.917   1.545         
 1775   548  21.328   2.205         
 1776   548  20.763   1.622         
 1777   548  19.910   1.975         
 1778   548  17.817   3.422         
 1779   548  17.439   2.662         
 1780   548  18.895   1.843         
 1781   548  19.553   1.705         
 1782   548  19.724   1.962         
 1783   548  21.950   2.138         
 1784   548  17.981   1.910         
 1785   548  19.825   1.680         
 1786   548  21.602   2.166         
 1787   548  16.491   1.257         
 1788   548  19.180   1.718         
 1789   548  19.709   1.640         
 1790   548  21.244   2.137         
 1791   548  18.585   1.721         
 1792   548  18.880   3.850         
 1793   548  20.316   2.595         
 1794   548  20.639   1.884         
 1795   548  17.017   1.173         
 1796   548  17.621   1.220         
 1797   548  20.761   1.846         
 1798   548  18.317   1.896         
 1799   548  17.335   1.180         
 1800   548  18.575   1.479         
 1801   548  22.770   2.117         
 1802   548  21.338   2.014         
 1803   548  22.183   2.046         
 1804   548  20.126   1.951         
 1805   548  19.014   1.800         
 1806   548  19.013   1.885         
 1807   548  21.237   2.121         
 1808   548  22.049   2.413         
 1809   548  18.248   2.646         
 1810   548  14.921   0.770         
 1811   548  18.574   2.648         
 1812   548  20.831   2.132         
 1813   548  21.272   2.455         
 1814   548  21.991   2.018         
 1815   548  19.708   2.291         
 1816   548  18.644   1.658         
 1817   548  20.509   1.943         
 1818   548  19.515   2.132         
 1819   548  20.206   1.817         
 1820   548  22.363   1.294         
 1821   548  20.003   2.047         
 1822   548  21.561   1.863         
 1823   548  20.853   2.033         
 1824   548  17.915   1.489         
 1825   548  20.183   1.765         
 1826   548  19.821   1.839         
 1827   548  20.291   1.611         
 1828   548  20.721   1.729         
 1829   548  21.210   1.964         
 1830   548  15.954   0.989         
 1831   548  19.363   1.573         
 1832   548  21.208   1.808         
 1833   548  20.058   1.684         
 1834   548  18.983   1.668         
 1835   548  19.105   1.828         
 1836   548  18.603   1.765         
 1837   548  21.041   2.219         
 1838   548  21.969   2.012         
 1839   548  18.609   1.527         
 1840   548  20.717   2.493         
 1841   548  18.570   1.448         
 1842   548  17.998   1.501         
 1843   548  19.023   1.767         
 1844   548  18.879   1.535         
 1845   548  20.962   1.889         
 1846   548  19.208   2.071         
 1847   548  21.102   2.051         
 1848   548  18.178   1.454         
 1849   548  19.209   1.637         
 1850   548  21.532   2.678         
 1851   548  20.280   1.878         
 1852   548  21.827   2.669         
 1853   548  20.610   2.351         
 1854   548  20.829   1.993         
 1855   548  18.494   1.364         
 1856   548  21.599   2.043         
 1857   548  20.911   2.072         
 1858   548  20.038   1.764         
 1859   548  18.862   1.603         
 1860   548  21.394   1.859         
 1861   548  18.990   1.682         
 1862   548  21.278   1.994         
 1863   548  19.857   1.752         
 1864   548  21.769   2.452         
 1865   548  17.246   1.912         
 1866   548  22.512   1.502         
 1867   548  17.269   1.636         
 1868   548  19.938   2.105         
 1869   548  17.339   1.482         
 1870   548  21.261   1.875         
 1871   548  20.046   1.909         
 1872   548  21.697   2.123         
 1873   548  19.770   2.089         
 1874   548  19.671   1.642         
 1875   548  18.828   1.680         
 1876   548  20.346   2.250         
 1877   548  20.870   1.786         
 1878   548  21.519   2.339         
 1879   548  21.004   2.396         
 1880   548  19.607   1.854         
 1881   548  21.692   2.065         
 1882   548  20.608   2.539         
 1883   548  21.998   2.019         
 1884   548  21.150   2.083         
 1885   548  20.625   2.130         
 1886   548  14.826   2.347         
 1887   548  18.206   1.873         
 1888   548  20.436   1.910         
 1889   548  20.189   2.074         
 1890   548  22.024   1.908         
 1891   548  16.636   1.330         
 1892   548  18.925   1.669         
 1893   548  16.648   1.436         
 1894   548  20.105   1.921         
 1895   548  16.394   1.728         
 1896   548  20.119   2.014         
 1897   548  18.848   3.188         
 1898   548  13.932   0.548         
 1899   548  18.921   2.679         
 1900   548  19.005   2.737         
 1901   548  20.242   1.994         
 1902   548  19.685   1.685         
 1903   548  15.112   1.768         
 1904   548  20.725   1.620         
 1905   548  20.999   2.354         
 1906   548  17.010   1.315         
 1907   548  17.338   1.327         
 1908   548  17.192   0.972         
 1909   548  19.057   1.414         
 1910   548  21.419   1.914         
 1911   548  19.214   2.006         
 1912   548  20.416   1.709         
 1913   548  20.876   1.897         
 1914   548  18.465   1.497         
 1915   548  17.373   1.949         
 1916   548  20.267   1.898         
 1917   548  14.345   0.673         
 1918   548  19.719   1.780         
 1919   548  19.446   2.066         
 1920   548  20.821   2.477         
 1921   548  20.230   2.219         
 1922   548  17.858   1.743         
 1923   548  19.346   1.764         
 1924   548  18.522   1.674         
 1925   548  19.320   1.733         
 1926   548  19.868   2.239         
 1927   548  17.091   1.554         
 1928   548  18.923   1.729         
 1929   548  18.851   1.801         
 1930   548  19.416   1.666         
 1931   548  18.467   1.839         
 1932   548  17.658   1.219         
 1933   548  16.049   1.294         
 1934   548  21.695   1.395         
 1935   548  17.286   2.048         
 1936   548  21.717   2.028         
 1937   548  18.569   2.985         
 1938   548  20.490   1.923         
 1939   548  21.245   1.757         
 1940   548  19.300   1.768         
 1941   548  18.456   1.530         
 1942   548  20.798   1.865         
 1943   548  21.448   2.553         
 1944   548  21.511   2.063         
 1945   548  20.129   2.107         
 1946   548  20.039   2.209         
 1947   548  20.422   2.222         
 1948   548  21.536   1.660         
 1949   548  18.820   1.862         
 1950   548  22.030   2.703         
 1951   548  15.750   2.336         
 1952   548  21.831   2.193         
 1953   548  18.130   2.537         
 1954   548  19.263   1.674         
 1955   548  19.488   2.222         
 1956   548  19.087   2.603         
 1957   548  21.311   2.225         
 1958   548  20.756   2.314         
 1959   548  19.223   1.661         
 1960   548  21.118  -0.040         
 1961   548  17.651   1.286         
 1962   548  21.670   2.113         
 1963   548  20.170   2.025         
 1964   548  19.406   2.029         
 1965   548  21.013   1.893         
 1966   548  18.435   1.758         
 1967   548  19.568   1.817         
 1968   548  14.845   0.589         
 1969   548  19.017   1.592         
 1970   548  20.922   2.748         
 1971   548  16.500   2.296         
 1972   548  17.526   1.710         
 1973   548  20.262   1.916         
 1974   548  19.659   1.891         
 1975   548  17.715   2.235         
 1976   548  17.829   1.316         
 1977   548  22.006   2.036         
 1978   548  17.276   1.115         
 1979   548  17.315   1.191         
 1980   548  21.650   2.324         
 1981   548  18.717   1.592         
 1982   548  19.313   2.762         
 1983   548  20.310   2.016         
 1984   548  20.700   1.694         
 1985   548  19.295   1.675         
 1986   548  19.223   1.931         
 1987   548  21.535   1.728         
 1988   548  20.939   2.038         
 1989   548  19.633   1.677         
 1990   548  20.909   2.027         
 1991   548  19.877   2.030         
 1992   548  16.815   1.465         
 1993   548  20.418   2.051         
 1994   548  20.088   3.002         
 1995   548  19.267   2.740         
 1996   548  18.922   1.918         
