  No    Ref    V       B-V     U-B

 0001   495  14.047   0.893         
 0002   495  17.994   1.480         
 0003   495  17.586   1.379         
 0004   495  15.569   1.449         
 0005   495  13.717   1.622         
 0006   495  16.892   1.398         
 0007   495  15.490   1.179         
 0008   495  16.177   1.219         
 0009   495  18.106   1.339         
 0010   495  17.577   1.515         
 0011   495  18.485   2.089         
 0012   495  16.666   1.281         
 0013   495  17.795   1.747         
 0014   495  17.967   1.968         
 0015   495  15.785   1.301         
 0016   495  16.631   1.323         
 0017   495  18.047   1.649         
 0018   495  17.857   1.413         
 0019   495  13.503   0.772         
 0020   495  17.476   1.287         
 0021   495  15.455   1.065         
 0022   495  17.429   1.360         
 0023   495  16.179   1.723         
 0024   495  15.824   1.174         
 0025   495  11.965   0.538         
 0026   495  16.350   1.374         
 0027   495  14.693   0.854         
 0028   495  17.752   1.816         
 0029   495  15.788   1.294         
 0030   495  17.348   1.509         
 0031   495  17.706   1.352         
 0032   495  14.174   0.960         
 0033   495  16.797   1.125         
 0034   495  18.200   1.669         
 0035   495  17.639   1.585         
 0036   495  17.996   1.771         
 0037   495  16.326   1.249         
 0038   495  17.755   1.449         
 0039   495  18.302   1.450         
 0040   495  16.622   1.358         
 0041   495  16.205   1.709         
 0042   495  18.233   2.032         
 0043   495  14.753   1.004         
 0044   495  16.058   1.160         
 0045   495  16.758   1.242         
 0046   495  17.216   1.237         
 0047   495  16.861   1.526         
 0048   495  17.045   1.177         
 0049   495  17.747   1.744         
 0050   495  14.623   1.016         
 0051   495  18.045   1.448         
 0052   495  17.743   1.534         
 0053   495  15.864   0.920         
 0054   495  15.416   1.114         
 0055   495  17.445   1.515         
 0056   495  14.875   1.076         
 0057   495  17.574   1.345         
 0058   495  17.079   2.397         
 0059   495  15.576   1.092         
 0060   495  17.613   1.387         
 0061   495  17.464   1.108         
 0062   495  17.692   1.690         
 0063   495  15.352   1.062         
 0064   495  16.324   1.407         
 0065   495  13.916   0.883         
 0066   495  18.181   1.977         
 0067   495  14.320   0.760         
 0068   495  13.574   0.944         
 0069   495  11.476   0.505         
 0070   495  18.163   1.510         
 0071   495  13.905   0.826         
 0072   495  15.134   1.211         
 0073   495  13.247   0.888         
 0074   495  14.292   1.111         
 0075   495  14.250   1.156         
 0076   495  18.619   1.868         
 0077   495  17.160   1.353         
 0078   495  17.280   1.668         
 0079   495  15.512   1.121         
 0080   495  17.268   1.456         
 0081   495  18.539   1.442         
 0082   495  18.236   1.709         
 0083   495  16.974   1.551         
 0084   495  18.588   1.709         
 0085   495  18.336   1.420         
 0086   495  17.928   1.789         
 0087   495  16.491   1.360         
 0088   495  17.769   1.987         
 0089   495  15.271   1.184         
 0090   495  16.579   1.223         
 0091   495  13.185   1.614         
 0092   495  16.617   1.356         
 0093   495  15.830   1.225         
 0094   495  15.864   1.272         
 0095   495  17.859   1.675         
 0096   495  17.464   1.597         
 0097   495  17.644   1.654         
 0098   495  14.927  -0.358         
 0099   495  15.989   1.221         
 0100   495  16.202   1.256         
 0101   495  14.070   0.915         
 0102   495  16.073   1.072         
 0103   495  17.929   1.400         
 0104   495  17.271   1.545         
 0105   495  14.637   1.186         
 0106   495  14.483   1.057         
 0107   495  18.010   2.128         
 0108   495  18.290   1.123         
 0109   495  18.314   1.434         
 0110   495  17.316   1.881         
 0111   495  18.023   1.696         
 0112   495  15.625   1.219         
 0113   495  15.774   1.361         
 0114   495  17.291   1.284         
 0115   495  17.474   1.626         
 0116   495  14.307   1.014         
 0117   495  15.445   1.065         
 0118   495  15.018   1.065         
 0119   495  17.301   1.467         
 0120   495  17.733   2.073         
 0121   495  17.315   1.809         
 0122   495  17.561   2.020         
 0123   495  17.905   1.464         
 0124   495  18.372   1.378         
 0125   495  17.581   1.828         
 0126   495  16.693   1.633         
 0127   495  17.807   1.724         
 0128   495  17.050   1.207         
 0129   495  17.997   2.775         
 0130   495  16.615   1.232         
 0131   495  18.306   1.973         
 0132   495  15.539   1.209         
 0133   495  17.403   1.245         
 0134   495  16.720   1.188         
 0135   495  17.222   1.356         
 0136   495  16.082   1.294         
 0137   495  14.967   1.878         
 0138   495  16.942   2.124         
 0139   495  18.086   1.363         
 0140   495  16.615   1.352         
 0141   495  17.106   1.663         
 0142   495  13.292  -0.081         
 0143   495  14.875   1.080         
 0144   495  15.828   1.087         
 0145   495  14.371   0.964         
 0146   495  15.665   1.200         
 0147   495  16.678   1.505         
 0148   495  13.748   0.886         
 0149   495  16.897   1.410         
 0150   495  18.055   1.504         
 0151   495  15.811   1.210         
 0152   495  17.033   1.584         
 0153   495  17.459   2.558         
 0154   495  16.030   1.171         
 0155   495  16.515   2.367         
 0156   495  15.106   0.988         
 0157   495  16.178   1.098         
 0158   495  16.791   1.465         
 0159   495  14.172   0.901         
 0160   495  16.337   1.197         
 0161   495  15.583   1.315         
 0162   495  17.642   1.057         
 0163   495  17.675   1.816         
 0164   495  17.308   1.702         
 0165   495  15.258   1.362         
 0166   495  14.668   0.984         
 0167   495  18.001   1.523         
 0168   495  17.114   1.521         
 0169   495  17.892   2.264         
 0170   495  17.071   1.382         
 0171   495  17.967   2.228         
 0172   495  17.969   1.344         
 0173   495  13.811   0.647         
 0174   495  13.682   1.083         
 0175   495  16.698   1.376         
 0176   495  17.097   1.300         
 0177   495  17.081   1.265         
 0178   495  17.490   1.591         
 0179   495  18.553   1.657         
 0180   495  16.542   1.218         
 0181   495  17.611   1.866         
 0182   495  15.781   1.127         
 0183   495  15.032   1.032         
 0184   495  17.531   1.178         
 0185   495  15.026   1.518         
 0186   495  15.684   1.148         
 0187   495  16.411   1.120         
 0188   495  16.946   1.600         
 0189   495  14.484   1.045         
 0190   495  17.695   1.577         
 0191   495  17.625   1.450         
 0192   495  14.137   0.888         
 0193   495  15.865   1.552         
 0194   495  17.177   1.662         
 0195   495  14.442   1.082         
 0196   495  16.767   1.279         
 0197   495  15.684   1.585         
 0198   495  17.495   2.099         
 0199   495  16.882   1.353         
 0200   495  17.955   1.209         
 0201   495  17.328   1.778         
 0202   495  18.050   1.309         
 0203   495  14.761   1.257         
 0204   495  17.001   1.510         
 0205   495  17.538   1.634         
 0206   495  14.860   1.055         
 0207   495  17.702   1.662         
 0208   495  17.347   1.566         
 0209   495  17.499   1.011         
 0210   495  12.743   0.703         
 0211   495  17.509   1.576         
 0212   495  14.495   1.642         
 0213   495  15.615   1.120         
 0214   495  17.497   1.363         
 0215   495  16.466   1.329         
 0216   495  16.368   1.089         
 0217   495  17.030   1.981         
 0218   495  17.778   1.655         
 0219   495  14.161   1.140         
 0220   495  16.393   1.234         
 0221   495  12.960   1.690         
 0222   495  16.399   1.487         
 0223   495  17.743   1.830         
 0224   495  16.148   1.864         
 0225   495  17.007   1.513         
 0226   495  17.882   2.090         
 0227   495  15.520   1.607         
 0228   495  18.174   1.383         
 0229   495  17.483   1.527         
 0230   495  18.071   1.586         
 0231   495  17.614   2.511         
 0232   495  18.023   2.159         
 0233   495  16.588   1.147         
 0234   495  17.069   1.931         
 0235   495  14.630   1.064         
 0236   495  16.785   1.414         
 0237   495  17.528   1.742         
 0238   495  17.994   1.805         
 0239   495  13.683   1.113         
 0240   495  16.652   1.242         
 0241   495  16.221   2.044         
 0242   495  16.278   1.378         
 0243   495  17.237   2.042         
 0244   495  15.141   1.631         
 0245   495  14.869   1.152         
 0246   495  17.732   1.478         
 0247   495  14.162   3.020         
 0248   495  17.414   1.887         
 0249   495  16.962   1.997         
 0250   495  16.667   1.816         
 0251   495  16.728   1.520         
 0252   495  16.431   1.446         
 0253   495  13.580   2.692         
 0254   495  15.700   1.120         
 0255   495  16.365   1.690         
 0256   495  15.886   1.346         
 0257   495  17.695   2.044         
 0258   495  16.852   1.476         
 0259   495  16.619   1.658         
 0260   495  15.956   1.270         
 0261   495  16.547   1.914         
 0262   495  16.858   1.643         
 0263   495  16.367   1.916         
 0264   495  16.566   1.369         
 0265   495  18.617   1.932         
 0266   495  18.344   0.519         
 0267   495  16.793   1.456         
 0268   495  17.362   1.888         
 0269   495  14.801   2.787         
 0270   495  18.102   1.584         
 0271   495  17.806   1.797         
 0272   495  16.357   1.623         
 0273   495  17.437   1.734         
 0274   495  14.291   0.934         
 0275   495  16.182   1.730         
 0276   495  15.417   1.269         
 0277   495  16.483   1.828         
 0278   495  17.576   1.556         
 0279   495  14.337   3.051         
 0280   495  17.254   1.937         
 0281   495  17.583   1.824         
 0282   495  16.834   1.183         
 0283   495  18.098   1.442         
 0284   495  17.497   1.111         
 0285   495  17.917   1.571         
 0286   495  17.842   1.424         
 0287   495  15.703   1.610         
 0288   495  15.944   1.723         
 0289   495  17.077   1.630         
 0290   495  17.775   1.785         
 0291   495  18.072   1.905         
 0292   495  18.062   1.385         
 0293   495  15.911   1.175         
 0294   495  14.103   3.120         
 0295   495  16.562   1.213         
 0296   495  16.158   1.074         
 0297   495  18.136   2.661         
 0298   495  16.654   1.492         
 0299   495  13.049   1.759         
 0300   495  13.104   0.767         
 0301   495  18.259   2.240         
 0302   495  15.840   1.721         
 0303   495  18.306   2.280         
 0304   495  16.445   1.605         
 0305   495  13.551   2.588         
 0306   495  17.036   1.482         
 0307   495  17.352   1.691         
 0308   495  17.059   1.225         
 0309   495  16.997   1.251         
 0310   495  16.013   1.035         
 0311   495  17.466   1.397         
 0312   495  17.855   1.383         
 0313   495  18.040   1.674         
 0314   495  17.847   1.285         
 0315   495  14.966   1.049         
 0316   495  13.708   1.081         
 0317   495  15.333   1.838         
 0318   495  17.501   1.609         
 0319   495  17.531   1.867         
 0320   495  14.874   1.115         
 0321   495  14.148   1.142         
 0322   495  14.666   1.687         
 0323   495  13.994   0.602         
 0324   495  17.177   1.442         
 0325   495  18.147   1.553         
 0326   495  15.887   1.378         
 0327   495  18.303   1.449         
 0328   495  16.809   1.680         
 0329   495  15.794   1.598         
 0330   495  17.143   1.217         
 0331   495  18.083   1.718         
 0332   495  16.773   2.011         
 0333   495  18.193   1.915         
 0334   495  16.739   1.367         
 0335   495  15.050   1.050         
 0336   495  18.746   2.032         
 0337   495  16.433   1.295         
 0338   495  16.028   1.393         
 0339   495  16.988   1.329         
 0340   495  19.310   0.245         
 0341   495  15.502   1.199         
 0342   495  18.035   1.499         
 0343   495  16.045   1.309         
 0344   495  17.917   1.397         
 0345   495  14.696   1.242         
 0346   495  17.098   1.367         
 0347   495  17.353   0.698         
 0348   495  15.376   0.959         
 0349   495  13.402   0.983         
 0350   495  14.976   1.250         
 0351   495  15.603   1.041         
 0352   495  17.180   1.216         
 0353   495  18.217   2.146         
 0354   495  17.758   1.454         
 0355   495  17.304   1.450         
 0356   495  13.364   1.138         
 0357   495  16.014   2.399         
 0358   495  15.862   1.164         
 0359   495  16.271   1.249         
 0360   495  15.890   1.622         
 0361   495  15.461   1.376         
 0362   495  17.217   1.902         
 0363   495  17.796   1.468         
 0364   495  18.280   2.065         
 0365   495  17.603   1.338         
 0366   495  16.827   1.111         
 0367   495  16.587   3.157         
 0368   495  14.146   1.772         
 0369   495  17.291   1.030         
 0370   495  17.055   2.662         
 0371   495  16.878   1.596         
 0372   495  16.808   1.574         
 0373   495  18.319   1.646         
 0374   495  14.282   0.756         
 0375   495  17.962   1.859         
 0376   495  15.504   1.127         
 0377   495  17.526   1.988         
 0378   495  17.008   2.886         
 0379   495  17.155   1.329         
 0380   495  17.145   1.639         
 0381   495  15.575   0.961         
 0382   495  16.833   1.288         
 0383   495  15.465   1.097         
 0384   495  16.245   1.242         
 0385   495  16.343   1.816         
 0386   495  17.749   3.877         
 0387   495  18.127   1.543         
 0388   495  17.134   1.080         
 0389   495  14.615   1.030         
 0390   495  17.109   1.229         
 0391   495  16.179   1.108         
 0392   495  18.245   1.900         
 0393   495  16.193   1.280         
 0394   495  15.345   1.040         
 0395   495  15.597   1.119         
 0396   495  14.187   0.829         
 0397   495  17.182   1.159         
 0398   495  18.484   1.254         
 0399   495  18.015   1.471         
 0400   495  15.655   1.094         
 0401   495  17.103   1.581         
 0402   495  17.223   0.149         
 0403   495  17.411   1.649         
 0404   495  17.100   1.469         
 0405   495  17.984   2.249         
 0406   495  16.893   1.506         
 0407   495  18.516   1.604         
 0408   495  18.087   1.872         
 0409   495  15.716   1.065         
 0410   495  14.226   1.044         
 0411   495  18.349   1.658         
 0412   495  14.311   1.040         
 0413   495  18.761   2.030         
 0414   495  14.124   1.744         
 0415   495  18.050   1.617         
 0416   495  16.005   1.249         
 0417   495  14.651   1.360         
 0418   495  17.693   1.660         
 0419   495  14.832   1.129         
 0420   495  17.851   1.519         
 0421   495  17.940   1.422         
 0422   495  17.717   0.986         
 0423   495  17.028   2.848         
 0424   495  15.950   1.481         
 0425   495  17.810   2.003         
 0426   495  17.201   1.318         
 0427   495  18.291   1.660         
 0428   495  16.701   1.643         
 0429   495  17.058   1.310         
 0430   495  15.641   1.120         
 0431   495  17.027   1.451         
 0432   495  16.973   1.989         
 0433   495  18.034   1.605         
 0434   495  15.136   1.158         
 0435   495  17.313   1.909         
 0436   495  16.207   1.123         
 0437   495  17.544   1.612         
 0438   495  15.800   1.152         
 0439   495  18.018   1.668         
 0440   495  16.394   1.387         
 0441   495  17.715   1.589         
 0442   495  16.659   2.213         
 0443   495  18.283   1.672         
 0444   495  17.302   1.615         
 0445   495  17.110   1.519         
 0446   495  17.068   1.355         
 0447   495  16.812   1.238         
 0448   495  17.964   1.607         
 0449   495  14.595   1.010         
 0450   495  16.761   1.487         
 0451   495  16.801   1.509         
 0452   495  18.045   1.629         
 0453   495  15.845   1.130         
 0454   495  16.743   1.135         
 0455   495  18.215   1.679         
 0456   495  16.160   1.137         
 0457   495  17.738   1.451         
 0458   495  18.038   1.973         
 0459   495  17.986   1.989         
 0460   495  14.855   1.229         
 0461   495  14.125   1.613         
 0462   495  17.151   1.288         
 0463   495  16.465   2.039         
 0464   495  16.310   1.010         
 0465   495  16.058   1.235         
 0466   495  17.671   1.538         
 0467   495  15.935   1.241         
 0468   495  17.052   1.195         
 0469   495  18.011   1.532         
 0470   495  17.711   1.693         
 0471   495  17.543   1.236         
 0472   495  17.936   1.647         
 0473   495  14.991   0.995         
 0474   495  16.404   1.365         
 0475   495  17.318   1.858         
 0476   495  16.884   1.135         
 0477   495  17.137   1.186         
 0478   495  13.605   0.778         
 0479   495  14.869   1.105         
 0480   495  17.690   1.919         
 0481   495  18.030   1.284         
 0482   495  16.563   1.340         
 0483   495  15.177   0.827         
 0484   495  17.215   1.480         
 0485   495  16.799   1.462         
 0486   495  17.512   1.322         
 0487   495  15.078   1.023         
 0488   495  17.727   1.355         
 0489   495  15.331   1.034         
 0490   495  15.192   0.945         
 0491   495  16.643   1.263         
 0492   495  17.368   1.552         
 0493   495  14.064   1.002         
 0494   495  18.165   1.669         
 0495   495  18.115   2.021         
 0496   495  15.308   1.019         
 0497   495  17.152   1.181         
 0498   495  16.478   1.112         
 0499   495  15.434   1.184         
 0500   495  17.658   1.819         
 0501   495  17.634   1.690         
 0502   495  17.531   1.579         
 0503   495  16.672   1.414         
 0504   495  14.581   1.011         
 0505   495  13.638   0.912         
 0506   495  16.357   2.587         
 0507   495  18.179   1.483         
 0508   495  17.631   1.397         
 0509   495  17.583   1.489         
 0510   495  17.498   1.340         
 0511   495  17.129   1.443         
 0512   495  12.568   0.869         
 0513   495  18.114   1.656         
 0514   495  17.110   1.515         
 0515   495  13.694   0.725         
 0516   495  16.457   1.309         
 0517   495  16.204   1.363         
 0518   495  17.015   1.338         
 0519   495  16.519   1.300         
 0520   495  14.457   1.290         
 0521   495  15.646   1.010         
 0522   495  12.990   1.385         
 0523   495  15.762   1.368         
 0524   495  18.009   1.579         
 0525   495  16.376   1.122         
 0526   495  16.625   1.258         
 0527   495  17.724   1.500         
 0528   495  14.195   1.078         
 0529   495  16.578   1.247         
 0530   495  17.255   1.273         
 0531   495  15.532   0.988         
 0532   495  15.428   1.154         
 0533   495  16.767   2.001         
 0534   495  15.011   1.154         
 0535   495  18.449   1.689         
 0536   495  15.211   1.123         
 0537   495  17.873   1.409         
 0538   495  16.049   1.514         
 0539   495  12.632   0.497         
 0540   495  17.644   1.433         
 0541   495  18.331   1.596         
 0542   495  12.947   0.616         
 0543   495  17.772   1.712         
 0544   495  15.088   0.989         
 0545   495  14.608   1.170         
 0546   495  15.938   2.602         
 0547   495  15.030   1.035         
 0548   495  17.393   1.199         
 0549   495  13.298   0.844         
 0550   495  17.542   1.723         
 0551   495  12.061   0.634         
 0552   495  14.829   0.938         
 0553   495  12.526   0.830         
 0554   495  17.069   1.667         
 0555   495  14.067   0.677         
 0556   495  17.552   1.176         
 0557   495  14.375   1.027         
 0558   495  15.941   1.117         
 0559   495  15.811   1.035         
 0560   495  17.241   1.328         
 0561   495  18.735   1.776         
 0562   495  18.205   1.785         
 0563   495  12.175   0.722         
 0564   495  18.120   1.512         
 0565   495  16.747   1.435         
 0566   495  14.961   0.979         
 0567   495  15.255   1.134         
 0568   495  15.337   1.051         
 0569   495  17.925   1.878         
 0570   495  15.043   1.240         
 0571   495  17.619   1.210         
 0572   495  14.168   1.053         
 0573   495  16.722   1.236         
 0574   495  16.915   1.436         
 0575   495  17.127   1.256         
 0576   495  15.813   1.100         
 0577   495  14.898   1.061         
 0578   495  14.968   0.937         
 0579   495  15.220   1.051         
 0580   495  17.912   1.541         
 0581   495  15.611   2.088         
 0582   495  15.738   1.296         
 0583   495  14.682   0.936         
 0584   495  13.145   0.823         
 0585   495  13.771   1.148         
